7694397039211253025
7694364992589679905
7694327068481293600
7694026221360778529
7693993856353701153
7693954156461133088
7693579992860577056
7693453923545369888
7693238782992174368
7692883830927084833
7692847004338113824
7692819751910837537
7692485248524815649
7679523624922991875
7679449889666895127
7679354232058727702
7679164180154289430
7679160242956963094
7679070150636686614
7678061070090652950
7677953057879100694
7676800594526637314
7676456670943268118
7676153070690094358
7672760029682093334
7672718092161617174
7670517233780739350
7668676796283440406
7668601030401166614
7667605651031330070
7665803858110680342
7665404105988394262
7665020369006300438
7664651252717997334
7664629251047443734
7664572841953692950
7664219125237009686
7664180416194219286
7663910396830453014
7663850332262305046
7663795684457434390
7663535394587446530
7663512944780512534
7663457889155026198
7663448643042692374
7652703649130417430
7652445430311095574
7652031258263932182
7651932515124415766
7650914315708534038
7650874138927615254
7650828154604457238
7650568376988798230
7650519934396681494
7650475867365330198
7650204933215538454
7650114318582762774
7649838399452351767
7649795697377611010
7649736747475258646
7649718364000046358
